0,273
0,270
53,35
10,68
10,302
10,85
10,228
10,133
10,16
10,98
10,66
11,13
11,11
11,30
11,2
11,3
9,5
8,15
8,11
8,14
8,13
8,8
49,5
49,4
49,3
49,2
49,1
49,0
48,5
48,4
48,3
48,2
48,1
48,0
46,12
46,11
46,10
46,9
46,8
46,7
46,6
46,5
46,4
46,3
46,2
46,1
46,0
45,4
45,3
45,2
45,1
45,0
42,4
42,3
42,2
42,1
42,0
41,5
41,4
41,3
41,2
41,1
41,0
40,4
40,3
40,2
40,1
40,0
39,6
39,5
39,4
39,3
39,2
39,1
25,3
25,1
20,3
20,2
20,1
19,3
19,2
19,1
14,4
12,3
12,2
12,1
11,29
11,28
11,27
11,25
11,24
11,23
11,22
11,21
11,19
11,16
11,12
11,8
11,1
11,6
18,1
10,310
10,276
18,3
10,268
10,259
10,218
10,173
14,1
